<!doctype html>
<html lang="en">
<head>
  <meta charset="utf-8">
  <meta name="viewport" content="width=device-width, initial-scale=1">
  <title>Score Prediction Explorer</title>
  <link rel="icon" href="data:,">
  <style>
    :root {
      color-scheme: light;
      --bg: #eef4f1;
      --panel: #ffffff;
      --panel-alt: #e2eee9;
      --ink: #10231f;
      --muted: #465e57;
      --line: #c6d6cf;
      --accent: #0b5f4a;
      --accent-soft: #dceee7;
      --accent-mid: #b8d8cd;
      --accent-ink: #ffffff;
      --peak: #fff0bc;
      --peak-ink: #34270b;
      --heat: 11, 95, 74;
      font-family:
        ui-sans-serif, system-ui, -apple-system, BlinkMacSystemFont, "Segoe UI", sans-serif;
    }
    *, *::before, *::after { box-sizing: border-box; }
    body {
      margin: 0;
      min-height: 100vh;
      background: var(--bg);
      color: var(--ink);
    }
    .app {
      display: grid;
      grid-template-columns: minmax(280px, 340px) 1fr;
      min-height: 100vh;
    }
    aside {
      border-right: 1px solid var(--line);
      background: #f8fbf9;
      padding: 22px;
      overflow: auto;
    }
    main {
      padding: 28px;
      overflow: auto;
    }
    h1, h2, h3, p { margin: 0; }
    h1 {
      font-size: 1.55rem;
      line-height: 1.08;
      letter-spacing: 0;
      text-wrap: balance;
    }
    h2 {
      font-size: 1.65rem;
      line-height: 1.16;
      letter-spacing: 0;
      text-wrap: balance;
    }
    h3 {
      font-size: 1rem;
      line-height: 1.25;
    }
    .sidebar-copy {
      margin-top: 9px;
      max-width: 34ch;
      color: var(--muted);
      font-size: 0.92rem;
      line-height: 1.5;
      text-wrap: pretty;
    }
    .meta {
      margin-top: 6px;
      color: var(--muted);
      font-size: 0.84rem;
      line-height: 1.45;
    }
    .picker-header {
      display: flex;
      align-items: center;
      justify-content: space-between;
      gap: 8px;
      margin-top: 22px;
    }
    .picker-title {
      font-size: 0.88rem;
      font-weight: 750;
    }
    .match-filters {
      display: flex;
      flex-wrap: wrap;
      justify-content: flex-end;
      gap: 4px;
    }
    .filter-button {
      border: 1px solid var(--line);
      border-radius: 999px;
      background: var(--panel);
      color: var(--muted);
      cursor: pointer;
      font: inherit;
      font-size: 0.72rem;
      font-weight: 650;
      line-height: 1.2;
      padding: 5px 7px;
    }
    .filter-button.active {
      background: var(--accent);
      border-color: var(--accent);
      color: var(--accent-ink);
    }
    .legend {
      display: flex;
      align-items: center;
      justify-content: space-between;
      gap: 10px;
      color: var(--muted);
      font-size: 0.76rem;
      line-height: 1.25;
    }
    .sidebar-legend {
      margin-top: 16px;
      padding: 10px 0 2px;
    }
    .legend-scale {
      display: grid;
      grid-template-columns: repeat(4, 22px);
      gap: 4px;
    }
    .legend-swatch {
      display: block;
      height: 10px;
      border: 1px solid rgba(var(--heat), 0.3);
      border-radius: 999px;
      background: rgba(var(--heat), var(--alpha));
    }
    .match-list {
      display: flex;
      flex-direction: column;
      gap: 8px;
      margin-top: 10px;
      max-height: calc(100vh - 230px);
      overflow-y: auto;
      overscroll-behavior: contain;
      padding-right: 2px;
    }
    .match-button {
      width: 100%;
      border: 1px solid var(--line);
      border-radius: 10px;
      background: var(--panel);
      color: var(--ink);
      cursor: pointer;
      padding: 12px;
      text-align: left;
      transition:
        background-color 180ms ease,
        border-color 180ms ease,
        color 180ms ease,
        transform 180ms ease;
    }
    .match-button:hover, .match-button:focus-visible {
      border-color: var(--accent);
      outline: none;
      transform: translateY(-1px);
    }
    .match-button:focus-visible {
      box-shadow: 0 0 0 3px var(--accent-mid);
    }
    .match-button.active {
      background: var(--accent);
      border-color: var(--accent);
      color: var(--accent-ink);
    }
    .match-button strong {
      display: block;
      font-size: 0.94rem;
      line-height: 1.25;
      font-weight: 700;
      overflow-wrap: anywhere;
    }
    .match-button-meta {
      display: flex;
      align-items: center;
      justify-content: space-between;
      gap: 8px;
      font-size: 0.76rem;
      margin-top: 8px;
      color: var(--muted);
    }
    .match-button.active .match-button-meta {
      color: rgba(255, 255, 255, 0.82);
    }
    .match-button-score {
      display: flex;
      align-items: center;
      justify-content: space-between;
      gap: 8px;
      margin-top: 9px;
      padding-top: 9px;
      border-top: 1px solid rgba(70, 94, 87, 0.18);
      font-size: 0.78rem;
      line-height: 1.25;
      color: var(--ink);
      font-weight: 750;
    }
    .match-button-score span:last-child {
      color: var(--muted);
      font-weight: 650;
      white-space: nowrap;
    }
    .match-button.active .match-button-score {
      border-top-color: rgba(255, 255, 255, 0.24);
      color: var(--accent-ink);
    }
    .match-button.active .match-button-score span:last-child {
      color: rgba(255, 255, 255, 0.78);
    }
    .kind-pill {
      border: 1px solid var(--line);
      border-radius: 999px;
      padding: 2px 7px;
      background: #f2f7f4;
      color: var(--muted);
      white-space: nowrap;
    }
    .match-button.active .kind-pill {
      border-color: rgba(255, 255, 255, 0.36);
      background: rgba(255, 255, 255, 0.14);
      color: var(--accent-ink);
    }
    .detail-stack {
      max-width: 980px;
    }
    .score-comparison {
      display: grid;
      grid-template-columns: minmax(0, 1fr);
      gap: 12px;
      max-width: 760px;
      margin-top: 16px;
    }
    .score-comparison.has-actual {
      grid-template-columns: minmax(0, 1fr) minmax(190px, 0.48fr);
    }
    .score-callout {
      display: grid;
      grid-template-columns: minmax(0, 1fr) auto;
      align-items: center;
      justify-content: space-between;
      gap: 12px 24px;
      border: 1px solid var(--accent-mid);
      border-left: 6px solid var(--accent);
      border-radius: 12px;
      background: var(--panel);
      padding: 18px 20px;
    }
    .score-callout-label {
      color: var(--accent);
      font-size: 0.82rem;
      font-weight: 750;
    }
    .score-callout-value {
      margin-top: 4px;
      font-size: 3.15rem;
      line-height: 1;
      font-weight: 800;
      letter-spacing: 0;
    }
    .score-callout-teams {
      margin-top: 8px;
      color: var(--muted);
      font-size: 0.95rem;
      line-height: 1.35;
      font-weight: 650;
      overflow-wrap: anywhere;
    }
    .score-callout-chance {
      color: var(--muted);
      font-size: 0.9rem;
      line-height: 1.35;
      text-align: right;
    }
    .actual-score-card {
      border: 1px solid var(--line);
      border-radius: 12px;
      background: var(--panel);
      padding: 18px;
    }
    .actual-score-label {
      color: var(--muted);
      font-size: 0.82rem;
      font-weight: 750;
    }
    .actual-score-value {
      margin-top: 7px;
      font-size: 2.45rem;
      line-height: 1;
      font-weight: 800;
    }
    .actual-score-teams {
      margin-top: 8px;
      color: var(--muted);
      font-size: 0.86rem;
      line-height: 1.35;
      font-weight: 650;
      overflow-wrap: anywhere;
    }
    .tabs {
      display: flex;
      gap: 8px;
      margin-top: 18px;
    }
    .tab {
      border: 1px solid var(--line);
      border-radius: 999px;
      background: var(--panel);
      color: var(--ink);
      cursor: pointer;
      font: inherit;
      font-size: 0.86rem;
      padding: 7px 12px;
    }
    .tab.active {
      background: var(--accent);
      border-color: var(--accent);
      color: var(--accent-ink);
    }
    .tab:focus-visible {
      outline: 3px solid var(--accent-mid);
      outline-offset: 2px;
    }
    .match-summary {
      margin-top: 16px;
      max-width: 70ch;
      color: var(--ink);
      font-size: 0.95rem;
      line-height: 1.5;
      text-wrap: pretty;
    }
    .methodology {
      margin-top: 16px;
      max-width: 72ch;
      border: 1px solid var(--line);
      border-radius: 10px;
      background: var(--panel);
      padding: 16px;
    }
    .methodology p + p { margin-top: 10px; }
    .model-flow {
      display: grid;
      grid-template-columns: repeat(4, minmax(120px, 1fr));
      gap: 8px;
      margin: 16px 0;
    }
    .model-step {
      border: 1px solid var(--line);
      border-radius: 10px;
      background: #f7fbf9;
      padding: 12px;
    }
    .model-step strong {
      display: block;
      font-size: 0.88rem;
      line-height: 1.25;
    }
    .model-step span {
      display: block;
      margin-top: 5px;
      color: var(--muted);
      font-size: 0.78rem;
      line-height: 1.35;
    }
    .method-visuals {
      display: grid;
      grid-template-columns: minmax(260px, 1fr) minmax(220px, 0.85fr);
      gap: 14px;
      margin-top: 14px;
    }
    .method-card {
      border: 1px solid var(--line);
      border-radius: 10px;
      background: #f8fbf9;
      padding: 14px;
    }
    .method-card h3 { margin-bottom: 10px; }
    .goal-bars {
      display: grid;
      gap: 7px;
    }
    .goal-bar-row {
      display: grid;
      grid-template-columns: 54px 1fr 48px;
      align-items: center;
      gap: 8px;
      font-size: 0.78rem;
    }
    .bar-track {
      height: 10px;
      border-radius: 999px;
      background: var(--accent-soft);
      overflow: hidden;
    }
    .bar-fill {
      height: 100%;
      border-radius: inherit;
      background: var(--accent);
    }
    .mini-heatmap {
      display: grid;
      grid-template-columns: repeat(var(--mini-cols), 1fr);
      gap: 2px;
    }
    .mini-cell {
      aspect-ratio: 1;
      border-radius: 4px;
      background: rgba(var(--heat), var(--alpha));
    }
    .summary {
      display: flex;
      flex-wrap: wrap;
      gap: 10px;
      margin: 18px 0 22px;
    }
    .metric {
      border: 1px solid var(--line);
      border-radius: 10px;
      background: var(--panel);
      min-width: 128px;
      padding: 12px 13px;
    }
    .metric span {
      color: var(--muted);
      display: block;
      font-size: 0.78rem;
      line-height: 1.25;
    }
    .metric strong {
      display: block;
      font-size: 1.08rem;
      margin-top: 4px;
    }
    .market-read {
      max-width: 760px;
      margin: 0 0 22px;
      border: 1px solid var(--line);
      border-radius: 10px;
      background: var(--panel);
      padding: 14px 16px;
    }
    .market-read p {
      margin-top: 8px;
      color: var(--ink);
      font-size: 0.92rem;
      line-height: 1.45;
    }
    .market-read-meta, .market-read-note {
      color: var(--muted) !important;
      font-size: 0.78rem !important;
    }
    .market-read ul {
      margin: 10px 0 0;
      padding-left: 18px;
      color: var(--ink);
      font-size: 0.86rem;
      line-height: 1.4;
    }
    .market-read-sources {
      display: flex;
      flex-wrap: wrap;
      gap: 8px;
      margin-top: 10px;
    }
    .market-read-source {
      color: var(--accent);
      font-size: 0.78rem;
      font-weight: 650;
    }
    .heatmap-intro {
      display: flex;
      align-items: end;
      justify-content: space-between;
      gap: 16px;
      max-width: 760px;
      margin-bottom: 10px;
    }
    .heatmap-note {
      color: var(--muted);
      font-size: 0.82rem;
      line-height: 1.4;
      text-align: right;
    }
    .heatmap-scroll {
      max-width: 100%;
      overflow-x: auto;
      padding-bottom: 2px;
    }
    .score-heatmap {
      display: grid;
      grid-template-columns: 54px repeat(var(--cols), minmax(54px, 1fr));
      max-width: 760px;
      border: 1px solid var(--line);
      background: var(--line);
      gap: 1px;
      border-radius: 10px;
      overflow: hidden;
    }
    .cell {
      min-height: 54px;
      display: grid;
      place-items: center;
      background: var(--panel);
      font-size: 0.78rem;
      line-height: 1.2;
      padding: 6px;
      text-align: center;
      white-space: pre-line;
      color: var(--ink);
    }
    .axis {
      background: var(--panel-alt);
      color: var(--muted);
      font-weight: 650;
    }
    .probability {
      transition:
        background-color 180ms ease,
        transform 180ms ease;
    }
    .probability:hover {
      transform: translateY(-1px);
    }
    .probability.highest-probability {
      box-shadow: inset 0 0 0 3px var(--accent);
      background: var(--peak) !important;
      color: var(--peak-ink);
      font-weight: 750;
    }
    .empty {
      padding: 20px;
      border: 1px solid var(--line);
      border-radius: 10px;
      background: var(--panel);
      color: var(--muted);
    }
    @media (prefers-reduced-motion: reduce) {
      *, *::before, *::after {
        scroll-behavior: auto !important;
        transition-duration: 0.01ms !important;
        animation-duration: 0.01ms !important;
      }
      .match-button:hover, .probability:hover { transform: none; }
    }
    @media (max-width: 760px) {
      .app { grid-template-columns: 1fr; }
      aside {
        border-right: 0;
        border-bottom: 1px solid var(--line);
        max-height: 46vh;
        padding: 18px;
      }
      main { padding: 18px; }
      h1 { font-size: 1.38rem; }
      h2 { font-size: 1.35rem; }
      .score-callout {
        align-items: flex-start;
        grid-template-columns: 1fr;
        gap: 10px;
      }
      .score-comparison.has-actual { grid-template-columns: 1fr; }
      .score-callout-chance { text-align: left; }
      .heatmap-intro {
        align-items: flex-start;
        flex-direction: column;
        gap: 4px;
      }
      .heatmap-note { text-align: left; }
      .match-list { max-height: 220px; }
      .model-flow, .method-visuals { grid-template-columns: 1fr; }
      .score-heatmap {
        grid-template-columns: 42px repeat(var(--cols), minmax(42px, 1fr));
      }
      .cell {
        min-height: 42px;
        font-size: 0.68rem;
      }
    }
  </style>
</head>
<body>
  <div class="app">
    <aside>
      <h1>Score chances</h1>
      <p class="sidebar-copy">
        Pick a match and scan the squares. Darker squares mean a more likely final score.
      </p>
      <p class="meta" id="model-meta"></p>
      <div class="legend sidebar-legend" aria-hidden="true">
        <span>Lower chance</span>
        <span class="legend-scale">
          <span class="legend-swatch" style="--alpha: 0; background: var(--panel)"></span>
          <span class="legend-swatch" style="--alpha: 0.28"></span>
          <span class="legend-swatch" style="--alpha: 0.44"></span>
          <span class="legend-swatch" style="--alpha: 0.62"></span>
        </span>
        <span>Higher</span>
      </div>
      <div class="picker-header">
        <div class="picker-title">Pick a match</div>
        <div class="match-filters" id="match-filters"></div>
      </div>
      <div class="match-list" id="match-list"></div>
    </aside>
    <main>
      <section class="detail-stack" id="detail"></section>
    </main>
  </div>
  <script>
    const report = {"generated_at": "2026-06-26T09:38:54.171426+00:00", "model": {"name": "independent_poisson_baseline", "max_goals": 6, "training_rule": "scored matches with date before target date"}, "window": {"as_of": "2026-06-26", "days": 14, "past_limit": 64}, "matches": [{"match_id": "2026-06-11__mexico__south-africa__fifa-world-cup", "target_kind": "past", "date": "2026-06-11", "home_team": "Mexico", "away_team": "South Africa", "actual_score": {"home": 2, "away": 0}, "home_win": 0.27403126703174374, "draw": 0.23548879632573314, "away_win": 0.4904799366425231, "btts_yes": 0.5891590350836539, "btts_no": 0.41084096491634614, "peak_score": {"home": 1, "away": 1, "probability": 0.1091844265094114}, "score_grid": [[0.04991288069001665, 0.08734754120752913, 0.07642909855658797, 0.04458364082467632, 0.019505342860795888, 0.006826870001278563, 0.00199117041703958], [0.06239110086252081, 0.1091844265094114, 0.09553637319573496, 0.055729551030845405, 0.024381678575994863, 0.008533587501598204, 0.002488963021299475], [0.038994438039075506, 0.06824026656838213, 0.059710233247334356, 0.03483096939427838, 0.01523854910999679, 0.0053334921884988775, 0.001555601888312172], [0.01624768251628147, 0.028433444403492564, 0.024879263853055993, 0.014512903914282664, 0.006349395462498664, 0.002222288411874533, 0.0006481674534634051], [0.0050774007863379576, 0.008885451376091424, 0.007774769954079996, 0.004535282473213331, 0.0019841860820308324, 0.0006944651287107914, 0.00020255232920731407], [0.001269350196584489, 0.0022213628440228557, 0.0019436924885199982, 0.0011338206183033326, 0.0004960465205077079, 0.00017361628217769782, 5.063808230182851e-05], [0.00026444795762176846, 0.0004627839258380947, 0.0004049359351083328, 0.0002362126288131942, 0.00010334302510577243, 3.617005878702036e-05, 1.0549600479547601e-05]]}, {"match_id": "2026-06-11__south-korea__czech-republic__fifa-world-cup", "target_kind": "past", "date": "2026-06-11", "home_team": "South Korea", "away_team": "Czech Republic", "actual_score": {"home": 2, "away": 1}, "home_win": 0.27403126703174374, "draw": 0.23548879632573314, "away_win": 0.4904799366425231, "btts_yes": 0.5891590350836539, "btts_no": 0.41084096491634614, "peak_score": {"home": 1, "away": 1, "probability": 0.1091844265094114}, "score_grid": [[0.04991288069001665, 0.08734754120752913, 0.07642909855658797, 0.04458364082467632, 0.019505342860795888, 0.006826870001278563, 0.00199117041703958], [0.06239110086252081, 0.1091844265094114, 0.09553637319573496, 0.055729551030845405, 0.024381678575994863, 0.008533587501598204, 0.002488963021299475], [0.038994438039075506, 0.06824026656838213, 0.059710233247334356, 0.03483096939427838, 0.01523854910999679, 0.0053334921884988775, 0.001555601888312172], [0.01624768251628147, 0.028433444403492564, 0.024879263853055993, 0.014512903914282664, 0.006349395462498664, 0.002222288411874533, 0.0006481674534634051], [0.0050774007863379576, 0.008885451376091424, 0.007774769954079996, 0.004535282473213331, 0.0019841860820308324, 0.0006944651287107914, 0.00020255232920731407], [0.001269350196584489, 0.0022213628440228557, 0.0019436924885199982, 0.0011338206183033326, 0.0004960465205077079, 0.00017361628217769782, 5.063808230182851e-05], [0.00026444795762176846, 0.0004627839258380947, 0.0004049359351083328, 0.0002362126288131942, 0.00010334302510577243, 3.617005878702036e-05, 1.0549600479547601e-05]]}, {"match_id": "2026-06-12__canada__bosnia-herzegovina__fifa-world-cup", "target_kind": "past", "date": "2026-06-12", "home_team": "Canada", "away_team": "Bosnia-Herzegovina", "actual_score": {"home": 1, "away": 1}, "home_win": 0.4121501249325175, "draw": 0.25045706013833935, "away_win": 0.3373928149291432, "btts_yes": 0.5718409696723933, "btts_no": 0.4281590303276067, "peak_score": {"home": 1, "away": 1, "probability": 0.11779713082804252}, "score_grid": [[0.05889856541402126, 0.07853142055202834, 0.05235428036801889, 0.02326856905245284, 0.007756189684150948, 0.0020683172491069188, 0.0004596260553570928], [0.08834784812103189, 0.11779713082804252, 0.07853142055202834, 0.03490285357867926, 0.011634284526226422, 0.0031024758736603784, 0.0006894390830356393], [0.06626088609077391, 0.08834784812103187, 0.05889856541402125, 0.026177140184009445, 0.008725713394669815, 0.0023268569052452837, 0.0005170793122767294], [0.03313044304538697, 0.04417392406051596, 0.029449282707010638, 0.013088570092004728, 0.00436285669733491, 0.0011634284526226423, 0.0002585396561383648], [0.012423916142020108, 0.016565221522693477, 0.011043481015128984, 0.004908213784501771, 0.0016360712615005905, 0.00043628566973349063, 9.695237105188676e-05], [0.0037271748426060346, 0.004969566456808046, 0.003313044304538697, 0.0014724641353505321, 0.0004908213784501775, 0.00013088570092004728, 2.9085711315566046e-05], [0.0009317937106515077, 0.00124239161420201, 0.0008282610761346734, 0.00036811603383763266, 0.00012270534461254423, 3.272142523001178e-05, 7.271427828891503e-06]]}, {"match_id": "2026-06-12__united-states__paraguay__fifa-world-cup", "target_kind": "past", "date": "2026-06-12", "home_team": "United States", "away_team": "Paraguay", "actual_score": {"home": 4, "away": 1}, "home_win": 0.4121501249325175, "draw": 0.25045706013833935, "away_win": 0.3373928149291432, "btts_yes": 0.5718409696723933, "btts_no": 0.4281590303276067, "peak_score": {"home": 1, "away": 1, "probability": 0.11779713082804252}, "score_grid": [[0.05889856541402126, 0.07853142055202834, 0.05235428036801889, 0.02326856905245284, 0.007756189684150948, 0.0020683172491069188, 0.0004596260553570928], [0.08834784812103189, 0.11779713082804252, 0.07853142055202834, 0.03490285357867926, 0.011634284526226422, 0.0031024758736603784, 0.0006894390830356393], [0.06626088609077391, 0.08834784812103187, 0.05889856541402125, 0.026177140184009445, 0.008725713394669815, 0.0023268569052452837, 0.0005170793122767294], [0.03313044304538697, 0.04417392406051596, 0.029449282707010638, 0.013088570092004728, 0.00436285669733491, 0.0011634284526226423, 0.0002585396561383648], [0.012423916142020108, 0.016565221522693477, 0.011043481015128984, 0.004908213784501771, 0.0016360712615005905, 0.00043628566973349063, 9.695237105188676e-05], [0.0037271748426060346, 0.004969566456808046, 0.003313044304538697, 0.0014724641353505321, 0.0004908213784501775, 0.00013088570092004728, 2.9085711315566046e-05], [0.0009317937106515077, 0.00124239161420201, 0.0008282610761346734, 0.00036811603383763266, 0.00012270534461254423, 3.272142523001178e-05, 7.271427828891503e-06]]}, {"match_id": "2026-06-13__brazil__morocco__fifa-world-cup", "target_kind": "past", "date": "2026-06-13", "home_team": "Brazil", "away_team": "Morocco", "actual_score": {"home": 1, "away": 1}, "home_win": 0.4904799366425231, "draw": 0.23548879632573314, "away_win": 0.27403126703174374, "btts_yes": 0.589159035083654, "btts_no": 0.41084096491634603, "peak_score": {"home": 1, "away": 1, "probability": 0.1091844265094114}, "score_grid": [[0.04991288069001665, 0.06239110086252081, 0.038994438039075506, 0.01624768251628147, 0.0050774007863379576, 0.001269350196584489, 0.00026444795762176846], [0.08734754120752913, 0.1091844265094114, 0.06824026656838213, 0.028433444403492564, 0.008885451376091424, 0.0022213628440228557, 0.0004627839258380947], [0.07642909855658797, 0.09553637319573496, 0.059710233247334356, 0.024879263853055993, 0.007774769954079996, 0.0019436924885199982, 0.0004049359351083328], [0.04458364082467632, 0.055729551030845405, 0.03483096939427838, 0.014512903914282664, 0.004535282473213331, 0.0011338206183033326, 0.0002362126288131942], [0.019505342860795888, 0.024381678575994863, 0.01523854910999679, 0.006349395462498664, 0.0019841860820308324, 0.0004960465205077079, 0.00010334302510577243], [0.006826870001278563, 0.008533587501598204, 0.0053334921884988775, 0.002222288411874533, 0.0006944651287107914, 0.00017361628217769782, 3.617005878702036e-05], [0.00199117041703958, 0.002488963021299475, 0.001555601888312172, 0.0006481674534634051, 0.00020255232920731407, 5.063808230182851e-05, 1.0549600479547601e-05]]}, {"match_id": "2026-06-13__haiti__scotland__fifa-world-cup", "target_kind": "past", "date": "2026-06-13", "home_team": "Haiti", "away_team": "Scotland", "actual_score": {"home": 0, "away": 1}, "home_win": 0.4904799366425231, "draw": 0.23548879632573314, "away_win": 0.27403126703174374, "btts_yes": 0.589159035083654, "btts_no": 0.41084096491634603, "peak_score": {"home": 1, "away": 1, "probability": 0.1091844265094114}, "score_grid": [[0.04991288069001665, 0.06239110086252081, 0.038994438039075506, 0.01624768251628147, 0.0050774007863379576, 0.001269350196584489, 0.00026444795762176846], [0.08734754120752913, 0.1091844265094114, 0.06824026656838213, 0.028433444403492564, 0.008885451376091424, 0.0022213628440228557, 0.0004627839258380947], [0.07642909855658797, 0.09553637319573496, 0.059710233247334356, 0.024879263853055993, 0.007774769954079996, 0.0019436924885199982, 0.0004049359351083328], [0.04458364082467632, 0.055729551030845405, 0.03483096939427838, 0.014512903914282664, 0.004535282473213331, 0.0011338206183033326, 0.0002362126288131942], [0.019505342860795888, 0.024381678575994863, 0.01523854910999679, 0.006349395462498664, 0.0019841860820308324, 0.0004960465205077079, 0.00010334302510577243], [0.006826870001278563, 0.008533587501598204, 0.0053334921884988775, 0.002222288411874533, 0.0006944651287107914, 0.00017361628217769782, 3.617005878702036e-05], [0.00199117041703958, 0.002488963021299475, 0.001555601888312172, 0.0006481674534634051, 0.00020255232920731407, 5.063808230182851e-05, 1.0549600479547601e-05]]}, {"match_id": "2026-06-13__qatar__switzerland__fifa-world-cup", "target_kind": "past", "date": "2026-06-13", "home_team": "Qatar", "away_team": "Switzerland", "actual_score": {"home": 1, "away": 1}, "home_win": 0.4904799366425231, "draw": 0.23548879632573314, "away_win": 0.27403126703174374, "btts_yes": 0.589159035083654, "btts_no": 0.41084096491634603, "peak_score": {"home": 1, "away": 1, "probability": 0.1091844265094114}, "score_grid": [[0.04991288069001665, 0.06239110086252081, 0.038994438039075506, 0.01624768251628147, 0.0050774007863379576, 0.001269350196584489, 0.00026444795762176846], [0.08734754120752913, 0.1091844265094114, 0.06824026656838213, 0.028433444403492564, 0.008885451376091424, 0.0022213628440228557, 0.0004627839258380947], [0.07642909855658797, 0.09553637319573496, 0.059710233247334356, 0.024879263853055993, 0.007774769954079996, 0.0019436924885199982, 0.0004049359351083328], [0.04458364082467632, 0.055729551030845405, 0.03483096939427838, 0.014512903914282664, 0.004535282473213331, 0.0011338206183033326, 0.0002362126288131942], [0.019505342860795888, 0.024381678575994863, 0.01523854910999679, 0.006349395462498664, 0.0019841860820308324, 0.0004960465205077079, 0.00010334302510577243], [0.006826870001278563, 0.008533587501598204, 0.0053334921884988775, 0.002222288411874533, 0.0006944651287107914, 0.00017361628217769782, 3.617005878702036e-05], [0.00199117041703958, 0.002488963021299475, 0.001555601888312172, 0.0006481674534634051, 0.00020255232920731407, 5.063808230182851e-05, 1.0549600479547601e-05]]}, {"match_id": "2026-06-14__australia__t-rkiye__fifa-world-cup", "target_kind": "past", "date": "2026-06-14", "home_team": "Australia", "away_team": "T\u00fcrkiye", "actual_score": {"home": 2, "away": 0}, "home_win": 0.4335098589149848, "draw": 0.25917908793994016, "away_win": 0.307311053145075, "btts_yes": 0.5312145715637202, "btts_no": 0.4687854284362798, "peak_score": {"home": 1, "away": 1, "probability": 0.12324137724526049}, "score_grid": [[0.0716933011859448, 0.0847284468561166, 0.05006680950588707, 0.019723288593228236, 0.0058273352661810714, 0.001377370153824617, 0.00027130018181393975], [0.10428116536137426, 0.12324137724526049, 0.07282445019038121, 0.028688419771968343, 0.008476124023536103, 0.00200344749647217, 0.0003946184462748214], [0.07584084753554492, 0.08963009254200763, 0.05296323650209542, 0.020864305288704248, 0.006164453835298984, 0.001457052724707033, 0.00028699523365441554], [0.03677132001723389, 0.04345701456582187, 0.025679144970712928, 0.010116026806644484, 0.002988826101963143, 0.0007064498059185613, 0.00013914920419608027], [0.013371389097175961, 0.015802550751207955, 0.009337870898441064, 0.003678555202416176, 0.0010868458552593249, 0.00025689083851584044, 5.059971061675646e-05], [0.003889858646451189, 0.0045971056730786785, 0.0027164715340919467, 0.0010701251497937968, 0.00031617333971180366, 7.473188029551724e-05, 1.47199158157837e-05], [0.0009429960355033176, 0.0011144498601402845, 0.0006585385537192591, 0.0002594242787378898, 7.664808235437656e-05, 1.8116819465579917e-05, 3.568464440189984e-06]]}, {"match_id": "2026-06-14__germany__cura-ao__fifa-world-cup", "target_kind": "past", "date": "2026-06-14", "home_team": "Germany", "away_team": "Cura\u00e7ao", "actual_score": {"home": 7, "away": 1}, "home_win": 0.4335098589149848, "draw": 0.25917908793994016, "away_win": 0.307311053145075, "btts_yes": 0.5312145715637202, "btts_no": 0.4687854284362798, "peak_score": {"home": 1, "away": 1, "probability": 0.12324137724526049}, "score_grid": [[0.0716933011859448, 0.0847284468561166, 0.05006680950588707, 0.019723288593228236, 0.0058273352661810714, 0.001377370153824617, 0.00027130018181393975], [0.10428116536137426, 0.12324137724526049, 0.07282445019038121, 0.028688419771968343, 0.008476124023536103, 0.00200344749647217, 0.0003946184462748214], [0.07584084753554492, 0.08963009254200763, 0.05296323650209542, 0.020864305288704248, 0.006164453835298984, 0.001457052724707033, 0.00028699523365441554], [0.03677132001723389, 0.04345701456582187, 0.025679144970712928, 0.010116026806644484, 0.002988826101963143, 0.0007064498059185613, 0.00013914920419608027], [0.013371389097175961, 0.015802550751207955, 0.009337870898441064, 0.003678555202416176, 0.0010868458552593249, 0.00025689083851584044, 5.059971061675646e-05], [0.003889858646451189, 0.0045971056730786785, 0.0027164715340919467, 0.0010701251497937968, 0.00031617333971180366, 7.473188029551724e-05, 1.47199158157837e-05], [0.0009429960355033176, 0.0011144498601402845, 0.0006585385537192591, 0.0002594242787378898, 7.664808235437656e-05, 1.8116819465579917e-05, 3.568464440189984e-06]]}, {"match_id": "2026-06-14__ivory-coast__ecuador__fifa-world-cup", "target_kind": "past", "date": "2026-06-14", "home_team": "Ivory Coast", "away_team": "Ecuador", "actual_score": {"home": 1, "away": 0}, "home_win": 0.4335098589149848, "draw": 0.25917908793994016, "away_win": 0.307311053145075, "btts_yes": 0.5312145715637202, "btts_no": 0.4687854284362798, "peak_score": {"home": 1, "away": 1, "probability": 0.12324137724526049}, "score_grid": [[0.0716933011859448, 0.0847284468561166, 0.05006680950588707, 0.019723288593228236, 0.0058273352661810714, 0.001377370153824617, 0.00027130018181393975], [0.10428116536137426, 0.12324137724526049, 0.07282445019038121, 0.028688419771968343, 0.008476124023536103, 0.00200344749647217, 0.0003946184462748214], [0.07584084753554492, 0.08963009254200763, 0.05296323650209542, 0.020864305288704248, 0.006164453835298984, 0.001457052724707033, 0.00028699523365441554], [0.03677132001723389, 0.04345701456582187, 0.025679144970712928, 0.010116026806644484, 0.002988826101963143, 0.0007064498059185613, 0.00013914920419608027], [0.013371389097175961, 0.015802550751207955, 0.009337870898441064, 0.003678555202416176, 0.0010868458552593249, 0.00025689083851584044, 5.059971061675646e-05], [0.003889858646451189, 0.0045971056730786785, 0.0027164715340919467, 0.0010701251497937968, 0.00031617333971180366, 7.473188029551724e-05, 1.47199158157837e-05], [0.0009429960355033176, 0.0011144498601402845, 0.0006585385537192591, 0.0002594242787378898, 7.664808235437656e-05, 1.8116819465579917e-05, 3.568464440189984e-06]]}, {"match_id": "2026-06-14__netherlands__japan__fifa-world-cup", "target_kind": "past", "date": "2026-06-14", "home_team": "Netherlands", "away_team": "Japan", "actual_score": {"home": 2, "away": 2}, "home_win": 0.4335098589149848, "draw": 0.25917908793994016, "away_win": 0.307311053145075, "btts_yes": 0.5312145715637202, "btts_no": 0.4687854284362798, "peak_score": {"home": 1, "away": 1, "probability": 0.12324137724526049}, "score_grid": [[0.0716933011859448, 0.0847284468561166, 0.05006680950588707, 0.019723288593228236, 0.0058273352661810714, 0.001377370153824617, 0.00027130018181393975], [0.10428116536137426, 0.12324137724526049, 0.07282445019038121, 0.028688419771968343, 0.008476124023536103, 0.00200344749647217, 0.0003946184462748214], [0.07584084753554492, 0.08963009254200763, 0.05296323650209542, 0.020864305288704248, 0.006164453835298984, 0.001457052724707033, 0.00028699523365441554], [0.03677132001723389, 0.04345701456582187, 0.025679144970712928, 0.010116026806644484, 0.002988826101963143, 0.0007064498059185613, 0.00013914920419608027], [0.013371389097175961, 0.015802550751207955, 0.009337870898441064, 0.003678555202416176, 0.0010868458552593249, 0.00025689083851584044, 5.059971061675646e-05], [0.003889858646451189, 0.0045971056730786785, 0.0027164715340919467, 0.0010701251497937968, 0.00031617333971180366, 7.473188029551724e-05, 1.47199158157837e-05], [0.0009429960355033176, 0.0011144498601402845, 0.0006585385537192591, 0.0002594242787378898, 7.664808235437656e-05, 1.8116819465579917e-05, 3.568464440189984e-06]]}, {"match_id": "2026-06-14__sweden__tunisia__fifa-world-cup", "target_kind": "past", "date": "2026-06-14", "home_team": "Sweden", "away_team": "Tunisia", "actual_score": {"home": 5, "away": 1}, "home_win": 0.4335098589149848, "draw": 0.25917908793994016, "away_win": 0.307311053145075, "btts_yes": 0.5312145715637202, "btts_no": 0.4687854284362798, "peak_score": {"home": 1, "away": 1, "probability": 0.12324137724526049}, "score_grid": [[0.0716933011859448, 0.0847284468561166, 0.05006680950588707, 0.019723288593228236, 0.0058273352661810714, 0.001377370153824617, 0.00027130018181393975], [0.10428116536137426, 0.12324137724526049, 0.07282445019038121, 0.028688419771968343, 0.008476124023536103, 0.00200344749647217, 0.0003946184462748214], [0.07584084753554492, 0.08963009254200763, 0.05296323650209542, 0.020864305288704248, 0.006164453835298984, 0.001457052724707033, 0.00028699523365441554], [0.03677132001723389, 0.04345701456582187, 0.025679144970712928, 0.010116026806644484, 0.002988826101963143, 0.0007064498059185613, 0.00013914920419608027], [0.013371389097175961, 0.015802550751207955, 0.009337870898441064, 0.003678555202416176, 0.0010868458552593249, 0.00025689083851584044, 5.059971061675646e-05], [0.003889858646451189, 0.0045971056730786785, 0.0027164715340919467, 0.0010701251497937968, 0.00031617333971180366, 7.473188029551724e-05, 1.47199158157837e-05], [0.0009429960355033176, 0.0011144498601402845, 0.0006585385537192591, 0.0002594242787378898, 7.664808235437656e-05, 1.8116819465579917e-05, 3.568464440189984e-06]]}, {"match_id": "2026-06-15__belgium__egypt__fifa-world-cup", "target_kind": "past", "date": "2026-06-15", "home_team": "Belgium", "away_team": "Egypt", "actual_score": {"home": 1, "away": 1}, "home_win": 0.6020093962021454, "draw": 0.20887552353095956, "away_win": 0.18911508026689489, "btts_yes": 0.5707279474488322, "btts_no": 0.42927205255116785, "peak_score": {"home": 2, "away": 1, "probability": 0.09983702874544918}, "score_grid": [[0.04417787173784475, 0.046938988721460045, 0.024936337758275653, 0.008831619622722628, 0.0023458989622856968, 0.0004985035294857111, 8.827666667976128e-05], [0.09111686045930478, 0.09681166423801132, 0.051431196626443534, 0.018215215471865415, 0.004838416609714249, 0.0010281635295642788, 0.0001820706250270076], [0.09396426234865807, 0.09983702874544918, 0.053038421521019896, 0.018784440955361213, 0.004989617128767819, 0.0010602936398631626, 0.00018776033205910163], [0.06460043036470242, 0.0686379572624963, 0.03646391479570117, 0.01291430315681083, 0.0034303617760278755, 0.0007289518774059243, 0.00012908522829063233], [0.033309596906799674, 0.035391446713474654, 0.018801706066533412, 0.006658937565230584, 0.0017687802907643728, 0.0003758658117874296, 6.65595708373573e-05], [0.013740208724054874, 0.0145989717693083, 0.007755703752445037, 0.002746811745657617, 0.0007296218699403041, 0.0001550446473623148, 2.7455822970409892e-05], [0.004723196748893859, 0.005018396545699725, 0.0026660231649029797, 0.0009442165375698053, 0.00025080751779197935, 5.329659753079567e-05, 9.437939146078394e-06]]}, {"match_id": "2026-06-15__iran__new-zealand__fifa-world-cup", "target_kind": "past", "date": "2026-06-15", "home_team": "Iran", "away_team": "New Zealand", "actual_score": {"home": 2, "away": 2}, "home_win": 0.6020093962021454, "draw": 0.20887552353095956, "away_win": 0.18911508026689489, "btts_yes": 0.5707279474488322, "btts_no": 0.42927205255116785, "peak_score": {"home": 2, "away": 1, "probability": 0.09983702874544918}, "score_grid": [[0.04417787173784475, 0.046938988721460045, 0.024936337758275653, 0.008831619622722628, 0.0023458989622856968, 0.0004985035294857111, 8.827666667976128e-05], [0.09111686045930478, 0.09681166423801132, 0.051431196626443534, 0.018215215471865415, 0.004838416609714249, 0.0010281635295642788, 0.0001820706250270076], [0.09396426234865807, 0.09983702874544918, 0.053038421521019896, 0.018784440955361213, 0.004989617128767819, 0.0010602936398631626, 0.00018776033205910163], [0.06460043036470242, 0.0686379572624963, 0.03646391479570117, 0.01291430315681083, 0.0034303617760278755, 0.0007289518774059243, 0.00012908522829063233], [0.033309596906799674, 0.035391446713474654, 0.018801706066533412, 0.006658937565230584, 0.0017687802907643728, 0.0003758658117874296, 6.65595708373573e-05], [0.013740208724054874, 0.0145989717693083, 0.007755703752445037, 0.002746811745657617, 0.0007296218699403041, 0.0001550446473623148, 2.7455822970409892e-05], [0.004723196748893859, 0.005018396545699725, 0.0026660231649029797, 0.0009442165375698053, 0.00025080751779197935, 5.329659753079567e-05, 9.437939146078394e-06]]}, {"match_id": "2026-06-15__saudi-arabia__uruguay__fifa-world-cup", "target_kind": "past", "date": "2026-06-15", "home_team": "Saudi Arabia", "away_team": "Uruguay", "actual_score": {"home": 1, "away": 1}, "home_win": 0.6020093962021454, "draw": 0.20887552353095956, "away_win": 0.18911508026689489, "btts_yes": 0.5707279474488322, "btts_no": 0.42927205255116785, "peak_score": {"home": 2, "away": 1, "probability": 0.09983702874544918}, "score_grid": [[0.04417787173784475, 0.046938988721460045, 0.024936337758275653, 0.008831619622722628, 0.0023458989622856968, 0.0004985035294857111, 8.827666667976128e-05], [0.09111686045930478, 0.09681166423801132, 0.051431196626443534, 0.018215215471865415, 0.004838416609714249, 0.0010281635295642788, 0.0001820706250270076], [0.09396426234865807, 0.09983702874544918, 0.053038421521019896, 0.018784440955361213, 0.004989617128767819, 0.0010602936398631626, 0.00018776033205910163], [0.06460043036470242, 0.0686379572624963, 0.03646391479570117, 0.01291430315681083, 0.0034303617760278755, 0.0007289518774059243, 0.00012908522829063233], [0.033309596906799674, 0.035391446713474654, 0.018801706066533412, 0.006658937565230584, 0.0017687802907643728, 0.0003758658117874296, 6.65595708373573e-05], [0.013740208724054874, 0.0145989717693083, 0.007755703752445037, 0.002746811745657617, 0.0007296218699403041, 0.0001550446473623148, 2.7455822970409892e-05], [0.004723196748893859, 0.005018396545699725, 0.0026660231649029797, 0.0009442165375698053, 0.00025080751779197935, 5.329659753079567e-05, 9.437939146078394e-06]]}, {"match_id": "2026-06-15__spain__cape-verde__fifa-world-cup", "target_kind": "past", "date": "2026-06-15", "home_team": "Spain", "away_team": "Cape Verde", "actual_score": {"home": 0, "away": 0}, "home_win": 0.6020093962021454, "draw": 0.20887552353095956, "away_win": 0.18911508026689489, "btts_yes": 0.5707279474488322, "btts_no": 0.42927205255116785, "peak_score": {"home": 2, "away": 1, "probability": 0.09983702874544918}, "score_grid": [[0.04417787173784475, 0.046938988721460045, 0.024936337758275653, 0.008831619622722628, 0.0023458989622856968, 0.0004985035294857111, 8.827666667976128e-05], [0.09111686045930478, 0.09681166423801132, 0.051431196626443534, 0.018215215471865415, 0.004838416609714249, 0.0010281635295642788, 0.0001820706250270076], [0.09396426234865807, 0.09983702874544918, 0.053038421521019896, 0.018784440955361213, 0.004989617128767819, 0.0010602936398631626, 0.00018776033205910163], [0.06460043036470242, 0.0686379572624963, 0.03646391479570117, 0.01291430315681083, 0.0034303617760278755, 0.0007289518774059243, 0.00012908522829063233], [0.033309596906799674, 0.03539144